        -1  0.367879         0       0.5  0.333333
     -0.98  0.375311      0.02    0.5002  0.343335
     -0.96  0.382893      0.04    0.5008  0.353344
     -0.94  0.390628      0.06    0.5018  0.363369
     -0.92  0.398519      0.08    0.5032  0.373419
      -0.9   0.40657       0.1     0.505    0.3835
     -0.88  0.414783      0.12    0.5072  0.393621
     -0.86  0.423162      0.14    0.5098  0.403791
     -0.84  0.431711      0.16    0.5128  0.414016
     -0.82  0.440432      0.18    0.5162  0.424305
      -0.8  0.449329       0.2      0.52  0.434667
     -0.78  0.458406      0.22    0.5242  0.445108
     -0.76  0.467666      0.24    0.5288  0.455637
     -0.74  0.477114      0.26    0.5338  0.466263
     -0.72  0.486752      0.28    0.5392  0.476992
      -0.7  0.496585       0.3     0.545  0.487833
     -0.68  0.506617      0.32    0.5512  0.498795
     -0.66  0.516851      0.34    0.5578  0.509884
     -0.64  0.527292      0.36    0.5648  0.521109
     -0.62  0.537944      0.38    0.5722  0.532479
      -0.6  0.548812       0.4      0.58     0.544
     -0.58  0.559898      0.42    0.5882  0.555681
     -0.56  0.571209      0.44    0.5968  0.567531
     -0.54  0.582748      0.46    0.6058  0.579556
     -0.52  0.594521      0.48    0.6152  0.591765
      -0.5  0.606531       0.5     0.625  0.604167
     -0.48  0.618783      0.52    0.6352  0.616768
     -0.46  0.631284      0.54    0.6458  0.629577
     -0.44  0.644036      0.56    0.6568  0.642603
     -0.42  0.657047      0.58    0.6682  0.655852
      -0.4   0.67032       0.6      0.68  0.669333
     -0.38  0.683861      0.62    0.6922  0.683055
     -0.36  0.697676      0.64    0.7048  0.697024
     -0.34   0.71177      0.66    0.7178  0.711249
     -0.32  0.726149      0.68    0.7312  0.725739
      -0.3  0.740818       0.7     0.745    0.7405
     -0.28  0.755784      0.72    0.7592  0.755541
     -0.26  0.771052      0.74    0.7738  0.770871
     -0.24  0.786628      0.76    0.7888  0.786496
     -0.22  0.802519      0.78    0.8042  0.802425
      -0.2  0.818731       0.8      0.82  0.818667
     -0.18   0.83527      0.82    0.8362  0.835228
     -0.16  0.852144      0.84    0.8528  0.852117
     -0.14  0.869358      0.86    0.8698  0.869343
     -0.12   0.88692      0.88    0.8872  0.886912
      -0.1  0.904837       0.9     0.905  0.904833
     -0.08  0.923116      0.92    0.9232  0.923115
     -0.06  0.941765      0.94    0.9418  0.941764
     -0.04  0.960789      0.96    0.9608  0.960789
     -0.02  0.980199      0.98    0.9802  0.980199
6.17562e-16         1         1         1         1
      0.02    1.0202      1.02    1.0202    1.0202
      0.04   1.04081      1.04    1.0408   1.04081
      0.06   1.06184      1.06    1.0618   1.06184
      0.08   1.08329      1.08    1.0832   1.08329
       0.1   1.10517       1.1     1.105   1.10517
      0.12    1.1275      1.12    1.1272   1.12749
      0.14   1.15027      1.14    1.1498   1.15026
      0.16   1.17351      1.16    1.1728   1.17348
      0.18   1.19722      1.18    1.1962   1.19717
       0.2    1.2214       1.2      1.22   1.22133
      0.22   1.24608      1.22    1.2442   1.24597
      0.24   1.27125      1.24    1.2688    1.2711
      0.26   1.29693      1.26    1.2938   1.29673
      0.28   1.32313      1.28    1.3192   1.32286
       0.3   1.34986       1.3     1.345    1.3495
      0.32   1.37713      1.32    1.3712   1.37666
      0.34   1.40495      1.34    1.3978   1.40435
      0.36   1.43333      1.36    1.4248   1.43258
      0.38   1.46228      1.38    1.4522   1.46135
       0.4   1.49182       1.4      1.48   1.49067
      0.42   1.52196      1.42    1.5082   1.52055
      0.44   1.55271      1.44    1.5368     1.551
      0.46   1.58407      1.46    1.5658   1.58202
      0.48   1.61607      1.48    1.5952   1.61363
       0.5   1.64872       1.5     1.625   1.64583
      0.52   1.68203      1.52    1.6552   1.67863
      0.54   1.71601      1.54    1.6858   1.71204
      0.56   1.75067      1.56    1.7168   1.74607
      0.58   1.78604      1.58    1.7482   1.78072
       0.6   1.82212       1.6      1.78     1.816
      0.62   1.85893      1.62    1.8122   1.85192
      0.64   1.89648      1.64    1.8448   1.88849
      0.66   1.93479      1.66    1.8778   1.92572
      0.68   1.97388      1.68    1.9112   1.96361
       0.7   2.01375       1.7     1.945   2.00217
      0.72   2.05443      1.72    1.9792   2.04141
      0.74   2.09594      1.74    2.0138   2.08134
      0.76   2.13828      1.76    2.0488   2.12196
      0.78   2.18147      1.78    2.0842   2.16329
       0.8   2.22554       1.8      2.12   2.20533
      0.82    2.2705      1.82    2.1562   2.24809
      0.84   2.31637      1.84    2.1928   2.29158
      0.86   2.36316      1.86    2.2298   2.33581
      0.88    2.4109      1.88    2.2672   2.38078
       0.9    2.4596       1.9     2.305    2.4265
      0.92   2.50929      1.92    2.3432   2.47298
      0.94   2.55998      1.94    2.3818   2.52023
      0.96    2.6117      1.96    2.4208   2.56826
      0.98   2.66446      1.98    2.4602   2.61707
         1   2.71828         2       2.5   2.66667
